$SPEC_ID:
20260703152312_210328BE437AB_spectrum_Ba133_Cs137_30s_run0001
$DATE_MEA:
07/03/2026 15:23:12
$MEAS_TIM:
30.00 31.16
$SPE_REM:
Sequence Run Index: 0001
Material Type: Source
Analyzer Offset Key: -196.6080 keV
Analyzer Gain Key: 6.4000 keV/ch
$MCA_CAL:
3
-7.1664800e+00 9.9252000e-01 0.0000000e+00
$DATA:
0 2047
0
0
0
0
0
0
0
0
0
0
0
0
0
0
7
36
186
497
617
523
319
192
143
99
132
114
144
159
199
243
272
315
347
402
380
413
413
409
412
367
323
301
290
215
185
179
170
120
103
99
86
79
66
71
59
72
62
60
70
61
58
67
55
54
63
67
57
70
73
74
78
78
72
96
96
94
89
107
111
104
112
137
129
141
147
151
160
138
150
157
150
136
134
112
127
115
125
96
90
80
95
77
69
54
45
48
52
54
54
40
33
55
36
40
31
35
44
33
40
34
42
40
45
41
36
40
49
41
30
36
36
47
41
40
37
35
40
41
46
43
43
42
39
48
35
40
38
55
48
30
47
50
39
54
34
50
36
57
50
49
45
43
45
43
41
49
62
48
45
54
52
43
45
38
41
50
54
34
42
45
40
63
48
36
43
50
33
48
41
47
57
47
42
49
41
24
47
40
46
33
48
39
45
43
48
42
51
41
37
35
37
49
42
43
35
45
39
41
38
35
34
38
39
29
28
34
29
40
39
39
33
36
38
32
42
47
41
27
28
32
27
33
35
29
28
30
29
28
34
25
26
34
27
26
32
34
24
34
21
27
23
32
28
41
25
30
32
26
32
35
39
43
30
23
23
30
35
21
24
34
32
39
30
40
35
37
32
27
28
37
32
31
41
38
42
38
33
43
51
45
36
50
30
41
36
50
46
43
43
50
35
39
46
45
37
31
45
35
35
26
42
42
23
40
32
38
51
42
34
38
37
33
41
51
42
37
39
35
41
43
35
42
35
44
45
39
49
56
43
46
47
53
44
60
59
46
62
55
61
59
59
46
64
60
54
53
71
46
69
44
47
54
61
50
53
62
50
61
47
46
40
37
50
35
42
43
33
28
25
35
32
28
30
25
28
36
24
19
20
22
18
28
15
21
19
26
22
29
26
18
14
22
20
15
15
16
16
19
13
21
9
22
13
24
20
22
20
20
15
12
14
17
17
12
13
12
18
17
19
13
18
22
16
15
9
16
15
13
9
15
12
15
8
12
15
18
11
19
15
16
12
6
21
9
5
17
12
14
8
13
17
12
5
8
7
10
11
15
7
6
7
8
4
11
7
8
10
12
5
6
8
9
4
6
6
5
7
3
3
4
6
4
6
4
3
1
4
4
5
5
7
2
6
2
2
5
5
3
2
3
3
2
3
6
2
1
4
2
3
3
4
3
5
3
1
2
0
1
2
0
2
1
3
1
6
2
2
3
1
2
3
2
1
4
2
3
2
5
1
2
2
4
6
2
2
3
4
1
3
4
0
4
4
2
1
6
1
3
4
3
3
3
3
4
6
4
3
8
6
6
2
8
5
4
3
3
7
6
5
3
4
4
3
6
6
9
8
7
6
5
8
9
12
15
14
15
7
18
15
13
13
17
15
17
16
14
23
19
23
19
25
24
24
26
34
31
35
44
33
36
31
44
37
43
38
25
38
41
49
62
39
49
48
51
48
54
66
60
66
67
52
57
57
64
56
58
43
65
52
58
59
56
58
52
51
70
42
48
49
58
36
48
49
38
41
35
35
42
46
25
33
30
36
33
33
23
22
26
24
28
18
18
16
16
16
21
19
13
14
9
10
9
3
6
6
10
10
12
3
7
5
5
6
3
3
1
3
2
1
2
1
0
2
0
1
0
1
0
0
2
1
1
0
0
0
0
0
0
2
1
0
1
0
0
0
0
0
0
0
1
0
1
0
0
1
0
0
0
0
0
0
0
1
0
1
0
0
1
1
0
0
1
0
0
0
0
0
0
0
0
0
0
1
1
0
0
0
0
0
0
0
0
0
0
0
0
1
0
0
0
0
0
0
0
0
0
0
0
0
0
0
1
1
0
0
0
0
0
0
0
0
0
0
0
0
0
1
0
0
0
0
0
0
0
0
0
0
1
0
1
0
0
0
0
0
0
0
0
0
0
0
0
0
0
0
0
0
0
0
0
0
0
0
0
0
0
1
0
0
0
0
1
0
0
0
0
1
0
0
0
0
0
0
0
0
0
0
0
0
0
0
0
0
0
0
0
0
0
0
0
0
0
0
0
0
0
0
0
0
0
0
0
0
0
0
1
0
0
0
0
0
0
0
0
0
1
0
0
0
0
0
0
0
0
0
0
0
0
0
0
0
0
0
0
0
0
0
0
0
0
0
0
0
0
0
0
0
0
0
0
0
0
0
0
0
0
0
0
0
0
0
0
0
0
0
0
0
0
0
0
0
0
0
0
0
0
0
0
0
0
0
0
0
0
0
0
0
0
0
0
1
0
0
0
0
0
0
0
0
0
0
0
0
0
0
0
0
0
0
0
0
0
0
0
0
0
0
0
0
0
0
0
0
0
0
0
0
0
0
0
0
0
0
0
0
0
0
0
0
0
0
0
0
0
0
0
0
0
0
0
1
0
0
0
0
0
0
0
0
0
0
0
0
0
0
2
0
0
1
1
0
0
0
0
0
0
0
0
0
0
0
0
0
0
0
0
0
0
0
0
0
0
0
0
0
0
0
0
0
0
0
0
0
1
0
0
0
0
0
0
0
0
0
0
0
0
0
0
0
0
1
0
0
0
0
0
0
0
0
0
0
0
0
0
0
0
0
0
0
0
0
1
0
0
0
0
0
0
0
0
0
0
0
0
0
0
0
0
0
0
0
0
0
0
0
0
0
0
0
0
0
0
0
1
0
0
0
0
0
1
0
0
0
0
0
0
0
0
0
0
0
0
0
0
0
0
0
0
0
0
0
0
0
0
0
0
0
0
0
0
0
0
0
0
0
0
0
0
0
0
0
0
0
0
0
0
0
0
0
0
1
0
0
0
0
0
0
0
0
0
0
0
0
0
0
0
0
0
0
0
0
0
0
0
0
0
0
0
0
0
1
0
0
0
0
0
0
0
0
0
0
0
0
0
0
0
1
1
0
0
0
0
0
0
0
0
0
0
0
0
0
0
0
0
0
0
0
0
0
0
0
1
0
0
0
0
0
0
0
1
0
0
0
0
0
0
0
0
0
0
0
0
0
0
0
0
0
0
0
0
0
0
0
0
0
0
0
0
0
0
0
0
0
0
0
0
0
0
0
0
0
0
0
0
0
0
0
0
0
0
0
0
0
0
0
0
0
0
1
0
1
0
0
0
0
0
0
0
0
0
0
0
0
0
0
0
0
0
0
0
0
0
0
0
0
0
0
0
0
0
0
0
0
1
0
0
0
0
0
0
0
0
0
0
0
0
0
0
0
0
0
0
0
0
0
0
0
0
0
0
0
0
1
0
0
0
0
0
0
0
0
0
0
0
0
0
0
0
0
0
0
0
0
0
0
0
0
0
0
0
0
0
0
0
0
0
0
0
0
0
0
0
0
0
0
0
0
0
0
0
0
0
0
0
0
0
0
0
0
0
0
0
0
0
0
0
0
0
0
0
0
0
0
0
0
0
0
0
0
0
0
0
0
0
0
0
0
0
0
0
0
0
0
0
0
0
0
0
0
0
0
0
0
0
0
0
0
0
0
0
0
0
0
0
0
0
0
0
0
0
0
0
0
0
0
0
0
0
0
0
0
0
0
0
0
0
0
0
0
0
0
0
0
0
0
0
0
0
0
0
0
0
0
0
0
0
0
0
0
0
0
0
0
0
0
0
0
0
0
0
0
0
0
0
0
0
0
0
0
0
0
0
0
0
0
0
0
0
0
0
0
0
0
0
0
0
0
0
0
0
0
1
0
0
0
0
0
0
0
0
0
0
0
0
0
0
0
0
0
0
0
0
0
0
0
0
0
0
0
0
0
0
0
0
0
0
0
0
0
0
0
0
0
0
0
0
0
0
0
0
0
0
0
0
0
0
0
0
0
0
0
0
0
0
0
0
0
0
0
0
0
0
0
0
0
0
0
0
0
0
0
0
0
0
0
0
0
0
0
0
0
0
0
0
0
0
0
0
0
0
0
0
0
0
0
0
0
0
0
0
0
0
0
0
0
0
0
0
0
0
0
0
0
0
0
0
0
0
0
0
0
0
0
0
0
0
0
0
0
0
0
0
0
0
0
0
0
0
0
0
0
0
0
0
0
0
0
0
0
0
0
0
0
0
0
0
0
0
0
0
0
0
0
0
0
0
0
0
0
0
0
0
0
0
0
0
0
0
0
0
0
0
0
0
0
0
0
0
0
0
0
0
0
0
0
0
0
0
0
0
0
0
0
0
0
0
0
0
0
0
0
0
0
0
0
0
0
0
0
0
0
0
0
0
0
0
0
0
0
0
0
0
0
0
0
0
0
0
0
0
0
0
0
0
0
0
0
0
0
0
0
0
0
0
0
0
0
0
0
0
0
0
0
0
0
0
0
0
0
0
0
0
0
0
0
0
0
0
0
0
0
0
0
0
0
0
0
0
0
0
0
0
0
0
0
0
0
0
0
0
0
0
0
0
0
0
0
0
0
0
0
0
0
0
0
0
0
0
0
0
0
0
0
0
0
0
0
0
0
0
0
0
0
0
0
0
0
0
0
0
0
0
0
0
0
0
0
0
0
0
0
0
0
0
0
0
0
0
0
0
0
0
0
0
0
0
0
0
0
0
0
0
0
0
0
0
0
0
0
0
0
0
0
0
0
0
0
0
$ENDRECORD:
