$SPEC_ID:
20260703150957_210328BE437AB_spectrum_Ba133_30s_run0002
$DATE_MEA:
07/03/2026 15:09:57
$MEAS_TIM:
30.00 33.12
$SPE_REM:
Sequence Run Index: 0002
Material Type: Source
Analyzer Offset Key: -196.6080 keV
Analyzer Gain Key: 6.4000 keV/ch
$MCA_CAL:
3
-7.1664800e+00 9.9252000e-01 0.0000000e+00
$DATA:
0 2047
0
0
0
0
0
0
0
0
0
0
0
0
0
0
3
33
153
389
513
439
424
364
435
436
596
762
923
1166
1532
1906
2455
2883
3450
3850
4383
4717
4835
4998
4893
4654
4399
4163
3613
3091
2658
2192
1862
1584
1229
985
823
708
629
575
559
523
515
533
520
547
577
626
635
631
561
603
672
627
645
736
735
737
699
714
739
784
796
822
838
938
904
1000
1086
1141
1361
1366
1446
1540
1737
1828
1893
2005
2061
1954
1954
1974
1941
1761
1649
1424
1398
1197
1118
996
854
714
648
566
502
434
400
323
352
294
291
287
286
315
277
314
329
334
345
378
410
377
406
428
409
384
411
399
356
369
348
347
346
351
314
266
301
272
265
278
259
237
238
214
239
223
242
236
246
252
250
236
230
249
267
239
236
233
233
253
270
249
280
273
253
269
270
255
324
284
280
259
259
262
258
256
254
278
243
238
253
235
213
247
245
234
216
210
213
212
220
220
192
209
194
198
216
197
184
184
180
196
184
169
164
197
175
165
176
158
167
171
153
170
147
166
151
125
170
131
144
130
167
139
130
128
135
150
143
119
127
125
126
136
112
127
122
114
110
119
115
110
107
113
117
98
108
108
112
91
119
107
118
95
103
115
114
111
128
126
122
126
114
127
118
128
145
139
134
127
141
166
158
165
169
162
196
186
154
199
208
227
208
217
228
223
225
229
273
263
246
241
258
274
273
257
251
271
294
302
312
305
318
304
296
286
319
314
334
308
298
319
313
320
306
331
300
343
331
266
304
279
295
286
272
268
278
276
301
306
303
289
307
291
296
330
326
307
371
395
432
400
443
423
471
473
520
536
546
518
562
582
573
580
639
659
627
673
672
637
660
704
704
635
680
704
664
690
675
641
668
659
654
652
654
551
563
573
541
535
516
497
481
503
443
493
422
402
421
390
389
386
359
381
380
354
295
316
292
281
262
287
264
240
249
256
233
214
223
229
222
217
206
193
155
211
151
165
143
163
153
138
140
112
108
146
127
121
112
111
109
155
114
112
99
105
101
90
94
91
101
102
99
105
106
95
99
90
107
90
94
101
105
109
88
96
109
77
92
87
72
76
80
72
70
57
78
76
63
63
70
55
60
52
54
50
46
32
36
28
43
30
30
39
36
27
24
25
10
23
20
28
18
20
20
24
12
16
19
15
10
11
7
15
8
5
6
15
4
3
7
4
3
3
5
7
3
1
5
4
3
6
3
3
3
3
3
1
1
1
2
0
1
0
2
2
0
1
2
1
3
0
0
1
1
1
1
1
0
0
0
0
1
0
1
2
0
1
0
0
1
1
1
0
0
0
0
2
2
3
1
0
0
1
0
1
0
0
0
1
1
0
0
0
2
1
0
0
0
1
0
0
0
0
0
0
0
1
0
0
0
0
1
0
0
1
0
0
1
0
0
0
0
0
2
1
1
0
0
0
1
0
0
1
2
0
0
2
1
1
0
0
0
1
0
1
1
0
0
0
0
0
0
0
1
0
1
2
0
0
1
1
0
1
0
0
0
2
0
2
0
0
0
1
0
1
0
0
0
0
0
1
0
1
0
1
0
1
0
0
1
0
0
2
0
1
2
0
0
1
0
0
2
1
2
0
0
0
1
1
0
1
0
0
0
0
0
1
0
1
0
0
1
0
0
1
0
0
1
0
1
0
0
2
2
1
0
0
0
0
0
1
0
0
1
0
0
0
0
0
0
0
1
0
1
0
1
0
0
0
2
0
0
1
0
0
0
0
0
0
0
0
1
0
0
0
0
0
0
0
0
0
0
0
1
0
1
0
0
0
1
1
0
0
0
0
0
0
0
2
1
0
0
1
1
0
0
0
0
0
0
0
0
0
0
0
0
0
0
0
0
0
0
0
0
0
0
0
0
0
0
0
0
0
0
0
2
0
0
0
1
0
0
0
0
0
0
0
0
0
0
0
0
0
0
0
0
0
0
0
0
0
0
0
0
1
0
0
0
0
0
0
0
0
0
0
0
0
0
0
0
0
0
0
0
1
0
0
0
2
0
0
0
0
0
0
0
0
1
0
0
0
0
0
0
0
0
0
0
0
0
0
0
0
0
0
0
0
0
0
0
0
0
0
0
0
0
0
0
0
0
0
0
0
0
0
0
0
0
0
0
0
0
0
0
0
0
0
0
0
0
0
0
0
0
1
0
0
0
0
0
0
0
0
0
1
0
0
0
0
0
0
0
0
0
0
0
0
0
0
0
0
0
0
0
0
0
0
0
0
0
0
0
0
0
0
0
0
0
0
0
0
0
0
0
0
0
0
0
0
0
0
0
0
0
0
0
0
0
0
0
0
0
0
1
0
0
0
0
0
0
0
0
0
0
0
0
0
0
0
0
0
0
0
0
0
0
0
0
0
0
0
0
0
0
0
0
0
0
0
0
1
0
0
0
0
0
0
0
0
0
0
0
0
0
0
0
0
1
0
1
0
0
1
0
0
0
0
0
0
0
0
0
0
0
0
0
0
0
0
0
0
0
0
0
0
0
0
0
0
1
0
0
0
0
0
0
0
1
0
0
0
0
0
0
0
0
0
0
0
0
1
0
0
0
0
0
0
0
0
0
1
0
0
0
0
1
0
1
0
0
0
0
0
0
1
0
0
0
0
0
0
0
0
0
0
0
0
0
0
0
0
0
0
0
0
0
0
0
0
0
0
0
0
0
0
0
0
0
0
0
1
0
0
0
0
1
0
0
0
0
0
0
0
0
0
0
0
0
0
0
0
0
0
0
0
0
0
0
0
0
0
0
0
0
0
0
0
0
0
0
0
0
0
0
0
0
0
0
0
0
0
0
0
0
0
0
1
0
0
0
0
0
0
0
0
0
1
0
0
0
0
0
0
0
0
0
0
0
0
0
0
0
0
0
0
0
0
0
0
0
0
1
0
0
0
0
0
0
0
0
0
0
0
0
0
0
0
0
0
0
0
0
0
0
0
0
0
0
0
0
0
0
0
0
0
0
0
0
0
0
0
0
0
0
0
0
1
0
0
0
0
0
0
0
0
0
0
0
0
0
0
0
0
0
0
0
0
0
0
0
0
0
0
0
0
0
0
0
0
0
0
0
0
0
0
0
0
0
0
0
0
0
0
0
0
1
0
0
0
0
0
0
0
0
0
0
0
0
0
0
0
0
0
0
0
0
0
0
0
0
0
0
0
0
0
0
0
0
0
1
0
0
0
0
0
0
0
0
0
0
0
0
0
0
0
0
1
0
1
0
0
0
0
0
0
0
0
0
0
0
0
0
0
0
0
0
0
0
0
0
0
0
0
0
1
0
0
0
0
0
0
0
0
0
0
0
0
0
0
0
0
0
0
0
0
0
0
0
0
0
0
0
0
0
0
0
0
0
0
0
0
0
0
0
0
0
0
0
0
0
0
0
0
0
0
0
0
0
0
0
0
0
0
0
0
0
0
0
0
0
0
0
0
0
0
0
0
0
0
0
0
0
0
0
0
0
0
0
0
0
0
0
0
0
0
0
0
0
0
0
0
0
0
0
0
0
0
0
0
0
0
0
1
1
0
0
0
0
0
0
0
0
0
0
0
0
0
0
0
0
0
0
0
0
0
0
0
0
0
0
0
0
0
0
0
0
0
0
0
0
0
0
0
0
0
0
0
0
0
0
0
0
0
0
0
0
0
0
0
1
0
0
0
0
0
0
0
0
0
0
0
0
0
0
0
0
0
0
0
0
0
0
0
1
0
0
0
0
0
0
0
0
1
0
0
1
0
1
0
0
0
0
0
0
0
0
0
0
0
0
0
0
0
0
0
0
0
0
0
0
0
0
0
0
0
0
0
0
0
0
0
0
0
0
0
0
0
0
0
0
0
0
0
0
0
0
0
0
0
0
0
0
0
0
0
0
0
0
0
0
0
0
0
0
0
0
0
0
0
0
0
1
0
0
0
0
0
0
0
0
0
0
0
0
0
0
0
0
0
0
0
0
0
0
0
0
0
0
0
0
0
0
0
0
0
0
0
0
0
0
0
0
0
0
0
0
0
0
0
0
0
0
0
0
0
0
0
0
0
0
0
0
0
0
0
0
0
0
0
0
0
0
0
0
0
0
0
0
0
0
0
0
0
0
0
0
0
0
0
0
0
0
0
0
0
0
0
0
0
0
0
0
0
0
0
0
0
0
0
0
0
0
0
0
0
0
0
0
0
0
0
0
0
0
0
0
0
0
0
0
0
0
0
0
0
0
0
0
0
0
0
0
0
0
0
0
0
0
0
0
0
0
0
0
0
0
0
0
0
0
0
0
0
0
0
0
0
0
0
0
0
0
0
0
0
0
0
0
0
0
0
0
0
0
0
0
0
0
0
0
0
0
0
0
0
0
0
0
0
0
0
0
0
0
0
0
0
0
0
0
0
0
0
0
0
0
0
0
0
0
0
0
0
0
0
0
0
0
0
0
0
0
0
0
0
0
0
0
0
0
0
0
0
0
0
0
0
0
0
0
0
0
0
0
0
0
0
0
0
0
0
0
0
0
0
0
0
0
0
0
0
0
0
0
0
0
0
0
0
0
0
0
0
0
0
0
0
0
0
0
0
0
0
0
0
0
0
0
0
0
0
0
0
0
0
0
0
0
0
0
0
0
0
0
0
0
0
0
0
0
0
0
0
$ENDRECORD:
