$SPEC_ID:
20260703151035_210328BE437AB_spectrum_Ba133_30s_run0003
$DATE_MEA:
07/03/2026 15:10:35
$MEAS_TIM:
30.00 33.12
$SPE_REM:
Sequence Run Index: 0003
Material Type: Source
Analyzer Offset Key: -196.6080 keV
Analyzer Gain Key: 6.4000 keV/ch
$MCA_CAL:
3
-7.1664800e+00 9.9252000e-01 0.0000000e+00
$DATA:
0 2047
0
0
0
0
0
0
0
0
0
0
0
0
0
2
5
40
158
373
496
474
391
330
384
438
547
674
905
1175
1518
1933
2309
2958
3397
3836
4262
4664
4894
4967
4879
4798
4425
3998
3610
3137
2745
2255
1845
1538
1256
986
813
706
585
555
540
491
494
532
524
542
535
580
570
593
611
643
628
663
679
646
706
734
762
752
777
859
767
815
856
943
926
1013
1073
1191
1341
1442
1566
1581
1823
1832
1976
1997
2031
2022
2040
1956
1836
1787
1657
1590
1363
1198
1115
948
785
742
639
565
507
417
378
350
356
324
309
308
275
295
323
305
314
328
385
382
373
411
397
365
395
423
422
402
393
387
343
351
322
307
312
315
278
282
265
242
249
263
206
245
244
209
216
242
244
249
257
253
237
241
255
265
261
261
272
283
257
273
249
261
293
283
250
284
264
292
251
260
269
294
273
275
254
248
246
251
241
237
219
240
200
230
220
225
219
214
198
204
208
181
199
191
215
199
180
208
178
179
188
203
177
192
168
180
182
169
190
176
165
140
154
169
142
163
150
133
148
151
140
146
141
136
138
148
126
141
118
125
113
135
136
129
122
127
108
121
130
104
117
122
131
110
100
120
107
108
115
113
115
119
91
114
126
131
124
130
128
128
140
117
130
122
138
125
137
156
173
143
188
173
160
179
194
195
189
167
226
229
193
203
220
200
223
236
251
234
271
231
251
271
271
307
259
286
277
263
283
311
295
322
287
321
319
332
319
345
313
323
344
304
323
333
305
329
319
319
309
285
288
258
272
315
308
271
276
317
282
301
275
302
338
357
340
350
388
351
366
416
467
450
470
486
497
490
532
496
512
540
569
645
608
585
621
680
650
626
631
675
685
670
670
667
667
657
646
672
651
615
647
621
596
606
577
547
527
539
534
519
508
450
483
484
417
388
404
421
365
367
366
342
366
303
334
323
325
317
286
270
264
249
273
256
254
217
181
216
216
202
197
184
167
179
138
171
161
157
131
138
119
133
135
131
107
125
114
133
107
121
103
106
114
100
99
111
101
111
94
112
108
101
102
86
104
101
125
83
106
105
106
90
93
113
96
101
90
97
87
84
68
76
69
77
81
59
55
65
54
57
54
51
38
47
42
43
48
39
22
44
27
33
36
23
26
24
28
26
16
14
19
14
18
11
18
13
14
12
20
27
11
14
14
12
10
8
7
10
8
5
3
7
3
2
2
6
3
5
3
8
1
3
3
4
0
1
2
2
1
1
2
1
2
1
1
1
1
3
0
1
1
2
1
0
1
0
2
0
1
1
0
1
0
0
4
0
0
0
0
1
1
1
1
1
1
0
1
1
0
0
0
1
1
2
0
0
0
0
1
0
2
0
1
1
1
0
1
0
3
1
1
0
1
1
0
0
0
0
0
0
0
1
0
0
2
1
0
1
0
2
0
1
3
1
0
0
0
0
2
0
1
0
0
0
0
0
0
1
1
0
0
0
0
0
0
1
0
1
0
1
0
0
0
0
1
0
0
1
1
0
2
3
0
0
1
1
0
0
0
0
0
2
0
1
1
0
0
0
0
1
0
0
1
2
0
1
0
0
0
1
1
0
0
0
0
1
0
0
0
0
2
1
0
0
0
0
0
1
0
0
1
0
0
0
0
0
0
0
1
1
0
0
0
1
0
1
0
0
1
1
0
0
0
0
0
1
3
1
0
2
1
1
1
0
0
1
0
0
1
1
0
0
0
0
1
0
1
0
0
1
0
1
0
0
1
0
0
0
0
0
1
0
0
1
0
1
0
0
0
0
0
0
0
2
0
0
1
1
0
0
0
0
1
0
2
0
1
0
0
0
0
0
0
1
1
0
0
0
0
0
0
0
0
0
0
0
0
0
1
0
0
1
0
0
0
0
0
2
0
0
1
0
0
0
0
0
0
2
0
0
0
0
0
0
0
0
0
0
0
1
0
0
0
0
0
0
0
0
0
0
0
2
0
0
0
0
0
0
0
0
0
0
0
0
0
0
0
0
0
0
0
0
0
0
1
0
0
0
0
0
0
0
0
0
0
0
0
0
0
0
0
0
0
0
0
0
0
0
0
0
0
0
0
0
0
1
0
0
0
0
0
0
0
0
0
0
0
0
0
0
0
0
0
0
0
0
0
0
0
0
0
0
0
0
0
0
0
0
0
0
0
0
0
0
0
1
0
1
0
0
0
0
0
0
1
0
0
0
0
0
0
0
1
0
0
0
1
0
0
0
0
0
0
0
0
0
0
0
0
0
0
0
0
0
0
0
0
1
0
0
0
0
0
1
0
0
0
0
0
0
0
0
0
0
0
0
0
0
0
0
0
0
0
0
0
0
0
0
0
0
0
0
0
0
0
1
0
0
0
0
0
0
0
0
1
0
1
0
0
0
0
0
0
0
0
0
0
0
0
0
0
1
0
0
0
1
0
0
0
0
0
0
0
0
0
0
0
0
0
0
0
0
0
0
0
0
0
0
0
0
0
0
0
0
0
0
0
0
0
1
0
0
0
0
0
0
0
0
0
0
0
0
0
0
0
0
0
0
0
0
0
0
0
0
0
0
0
0
0
0
0
0
0
0
0
0
0
0
0
1
0
0
0
0
0
0
0
0
1
0
0
0
0
0
0
0
0
0
0
0
0
0
0
0
0
0
0
0
0
0
0
0
0
0
0
0
0
0
0
0
0
0
0
0
0
0
0
0
0
0
0
0
0
0
0
0
0
0
0
1
0
1
0
0
0
0
0
0
0
0
0
0
0
0
0
0
0
0
0
1
0
0
0
0
0
0
1
0
0
0
0
0
0
0
0
0
0
0
0
0
0
0
1
0
0
0
0
0
0
0
0
0
0
0
0
0
0
1
0
0
0
0
0
0
0
0
0
0
0
0
0
0
0
0
0
0
0
0
0
0
0
0
0
0
0
0
0
0
0
0
0
0
0
0
0
0
0
0
0
0
0
0
0
0
0
0
0
0
0
0
0
0
0
0
0
0
0
0
0
0
0
0
0
0
0
0
0
0
0
0
0
0
0
0
0
0
0
0
0
0
0
1
0
0
0
0
1
0
0
0
0
0
0
0
0
0
0
0
0
0
0
0
0
0
0
0
0
0
0
0
0
0
0
0
0
0
0
0
0
0
0
0
0
0
0
0
0
0
0
0
0
0
0
0
0
0
0
0
0
0
0
0
0
0
0
0
0
0
0
0
0
0
0
0
0
1
1
0
0
0
0
0
0
0
0
0
0
0
0
0
0
0
0
1
0
0
0
0
0
0
0
0
0
0
0
0
0
0
0
0
0
0
0
0
0
0
0
0
0
0
0
0
0
0
0
0
0
0
0
0
0
0
0
0
0
0
0
0
0
0
0
0
0
0
0
0
0
0
0
0
0
0
0
0
0
0
0
1
0
0
0
0
0
0
0
0
0
0
0
0
0
0
0
1
0
0
0
0
0
0
0
0
0
0
0
0
0
0
0
0
0
0
0
0
0
0
0
0
0
0
0
0
0
0
0
0
0
0
0
1
0
0
1
0
0
0
0
0
0
0
0
0
0
0
0
0
0
0
0
0
0
0
0
0
0
0
0
0
0
0
0
0
0
0
0
0
0
0
0
0
0
0
0
0
0
0
0
0
0
0
0
0
0
0
0
0
0
0
0
0
0
0
0
0
0
0
0
0
1
0
0
0
0
0
0
0
0
0
0
0
0
0
0
0
0
0
0
0
0
0
0
0
0
0
0
0
0
0
0
0
0
0
0
0
0
0
0
0
0
0
0
0
0
0
0
0
0
0
0
0
0
0
0
0
0
0
0
0
0
0
0
0
0
0
0
0
0
0
0
0
0
0
0
0
0
0
0
0
0
0
0
0
0
0
0
0
0
0
0
0
0
0
0
0
0
0
0
0
0
0
0
0
0
0
0
0
0
0
0
0
0
0
0
0
0
0
0
0
0
0
0
0
0
0
0
0
0
0
0
0
0
0
0
0
0
0
0
0
0
0
0
0
0
0
0
0
0
0
0
0
0
0
0
0
0
0
0
0
0
0
0
0
0
0
0
0
0
0
0
0
0
0
0
0
0
0
0
0
0
0
0
0
0
0
0
0
0
0
0
0
0
0
0
0
0
0
0
0
0
0
0
0
0
0
0
0
0
0
0
0
0
0
0
0
0
0
0
0
0
0
0
0
0
0
0
0
0
0
0
0
0
0
0
0
0
0
0
0
0
0
0
0
0
0
0
0
0
0
0
0
0
0
0
0
0
0
0
0
0
0
0
0
0
0
0
0
0
0
0
0
0
0
0
0
0
0
0
0
0
0
0
0
0
0
0
0
0
0
0
0
0
0
0
0
0
0
0
0
0
0
0
0
0
0
0
0
0
0
0
0
0
0
0
0
0
0
0
0
0
0
0
0
0
0
0
0
0
0
0
0
0
0
0
0
0
0
0
0
0
0
0
0
0
0
0
0
0
0
0
0
0
0
0
0
0
0
0
0
0
0
0
0
0
0
0
0
0
0
0
0
0
0
0
0
0
0
0
0
0
0
0
0
0
0
0
0
0
0
0
0
0
0
0
0
0
0
0
0
0
0
0
0
0
0
0
0
0
0
0
0
0
0
0
0
0
0
0
0
0
0
0
0
0
0
0
0
0
0
0
0
0
0
$ENDRECORD:
