$SPEC_ID:
20260703152237_210328BE437AB_spectrum_Ba133_Cs137_30s_run0000
$DATE_MEA:
07/03/2026 15:22:37
$MEAS_TIM:
30.00 32.13
$SPE_REM:
Sequence Run Index: 0000
Material Type: Source
Analyzer Offset Key: -196.6080 keV
Analyzer Gain Key: 6.4000 keV/ch
$MCA_CAL:
3
-7.1664800e+00 9.9252000e-01 0.0000000e+00
$DATA:
0 2047
0
0
0
0
0
0
0
0
0
0
0
0
0
0
3
38
175
448
523
455
358
306
272
341
410
506
628
776
1015
1177
1467
1827
2004
2356
2501
2643
2769
2712
2731
2508
2392
2090
1902
1553
1396
1140
923
762
617
530
457
370
341
309
301
298
314
278
255
311
322
349
334
358
355
361
339
344
360
366
361
413
356
410
436
415
486
492
517
541
570
633
644
726
776
816
898
966
998
1062
989
1047
1082
1026
978
956
909
849
791
726
638
528
497
412
383
316
293
232
225
240
202
169
161
161
152
180
158
158
162
141
163
183
185
181
198
195
172
194
197
190
176
201
175
176
174
181
170
136
150
140
147
156
143
152
145
128
142
144
138
162
156
171
162
151
162
144
160
184
172
175
168
145
141
171
157
161
158
192
174
179
178
170
189
169
151
168
143
153
181
162
164
157
159
165
123
152
155
147
138
145
158
116
126
140
132
161
130
129
118
117
136
131
119
123
110
105
116
121
105
107
126
110
114
104
110
104
79
117
103
112
99
93
92
85
94
77
88
91
81
99
88
92
86
86
88
78
81
85
81
62
77
68
82
92
72
79
81
73
86
75
95
68
77
71
68
79
69
76
68
68
69
77
80
80
85
87
69
88
83
85
99
99
100
89
100
104
98
111
115
120
121
108
125
126
112
130
139
130
132
145
150
137
134
131
145
169
180
150
173
156
177
184
189
168
183
188
182
186
166
175
177
181
178
200
199
165
154
183
186
184
168
176
167
177
162
169
159
174
167
182
168
174
174
163
170
176
186
179
208
195
190
210
213
214
222
251
260
251
275
265
302
285
331
286
295
333
305
365
344
363
367
373
373
380
333
387
344
375
375
360
325
382
306
346
359
310
311
290
315
294
279
247
219
272
248
245
228
225
221
187
213
195
182
196
175
153
171
168
173
162
144
177
133
124
143
123
128
105
105
105
85
85
91
83
90
88
82
89
80
83
72
81
53
75
72
49
69
56
59
59
65
28
57
58
51
60
56
38
55
45
56
49
44
51
47
41
49
51
44
58
46
34
51
42
38
49
50
35
43
36
44
49
60
32
32
36
36
33
35
31
36
27
34
29
21
28
40
24
16
28
24
23
16
15
19
10
13
12
11
16
10
10
16
12
12
8
12
11
5
11
9
7
8
5
6
4
5
5
12
6
4
2
9
4
2
8
2
4
6
1
3
4
5
5
2
2
2
0
7
2
5
1
2
2
4
3
7
3
4
2
3
1
0
2
3
2
2
3
2
2
1
4
4
3
5
0
2
6
3
6
2
3
4
8
2
2
1
0
4
4
2
1
4
2
2
2
3
5
5
4
0
3
1
2
5
4
2
5
6
3
7
1
7
5
8
6
3
5
1
9
4
10
10
4
9
4
4
6
8
6
7
7
13
9
9
9
9
12
14
15
15
19
15
14
21
16
9
16
24
19
30
17
34
23
33
26
33
30
38
23
25
36
36
34
33
41
22
38
45
49
40
49
46
42
32
46
43
43
45
60
45
61
56
50
45
36
46
34
50
51
42
53
44
53
33
61
35
46
50
41
37
39
50
39
30
38
34
19
25
32
25
26
27
30
14
38
13
15
21
13
11
19
13
20
13
7
8
8
8
13
9
6
9
7
8
8
5
8
4
3
4
4
2
3
2
4
2
2
4
5
1
2
0
2
1
1
1
4
1
0
0
1
0
2
0
1
0
0
0
1
2
0
0
0
0
0
0
0
1
0
0
0
0
1
1
0
1
1
0
0
0
1
0
0
0
0
0
2
0
0
1
0
0
1
0
0
0
0
0
1
0
0
0
0
1
0
0
0
1
0
0
0
0
0
0
0
0
0
0
0
0
1
0
1
1
0
0
0
0
0
0
0
0
1
0
0
0
0
0
0
0
0
0
0
1
0
1
0
0
0
0
0
0
0
0
0
0
0
0
0
1
1
1
0
0
0
0
0
0
1
0
1
0
0
0
1
0
0
0
0
0
0
0
0
0
0
0
0
0
0
0
0
0
0
0
0
0
0
0
0
1
0
0
1
0
0
0
0
0
0
0
0
0
0
0
0
0
0
1
0
0
0
0
0
0
0
0
1
1
1
0
0
0
0
0
0
0
1
0
0
0
0
0
0
0
0
0
0
0
0
0
0
0
0
0
0
0
0
0
0
0
0
0
0
0
0
0
0
0
0
0
0
0
0
1
0
0
0
0
0
0
0
0
0
0
1
0
0
0
0
0
0
0
0
0
0
0
0
1
0
0
0
0
0
0
0
0
0
0
0
0
0
0
0
0
0
0
0
0
0
0
0
0
0
0
0
0
0
0
0
0
0
0
1
0
1
0
0
0
0
0
0
0
0
0
0
1
0
0
0
0
0
0
0
0
0
0
0
0
0
0
0
0
0
0
0
0
0
1
0
0
0
0
1
0
0
0
0
0
0
0
0
1
0
0
0
0
0
0
0
0
0
0
0
0
0
0
0
0
0
0
0
0
0
0
1
0
0
0
0
0
0
0
0
0
1
0
0
0
0
0
0
0
0
0
0
0
0
0
0
0
0
0
1
0
0
0
0
0
0
0
0
0
0
0
0
0
0
0
0
0
0
0
0
0
1
0
0
0
0
0
0
0
0
0
0
0
0
0
0
0
0
0
0
1
0
0
1
0
0
0
0
0
0
0
0
0
0
0
0
0
1
0
0
0
0
0
1
0
0
0
0
0
0
0
0
0
1
0
0
0
0
0
0
0
0
0
0
0
0
1
1
0
0
0
0
0
0
0
0
0
0
0
0
0
0
0
1
1
0
0
0
0
0
0
0
0
0
0
0
0
0
0
0
0
0
0
0
0
0
0
0
0
0
1
0
0
0
0
0
0
0
0
0
0
0
0
0
0
0
0
0
0
0
0
0
0
0
0
1
0
0
0
0
0
0
0
0
1
0
0
0
0
0
0
0
0
0
0
1
0
0
0
0
0
0
0
0
0
0
0
0
0
0
0
0
0
0
0
0
0
0
0
0
0
0
0
0
0
0
0
2
0
0
0
0
0
1
0
0
1
0
0
0
0
0
0
0
0
0
0
0
0
0
0
0
0
0
0
0
0
0
0
0
0
0
0
0
0
0
0
0
0
0
0
0
0
0
0
0
0
0
0
0
0
0
0
0
0
0
0
0
0
0
0
0
0
1
0
0
0
0
0
0
0
0
0
0
0
0
0
0
0
0
0
0
0
0
0
0
0
0
0
0
0
0
0
0
0
0
0
0
0
0
0
0
0
0
0
0
0
0
1
0
0
0
0
0
0
0
0
0
0
0
0
0
0
0
0
0
0
0
0
0
0
0
0
0
0
0
0
0
0
0
0
0
0
0
0
0
0
0
0
0
0
0
0
0
0
0
0
0
0
0
0
0
0
0
0
0
0
0
0
0
0
0
0
0
0
0
0
0
0
0
0
0
0
0
0
0
0
0
0
0
0
0
0
0
0
0
0
0
0
0
0
0
0
0
0
0
0
0
0
0
0
0
0
0
0
0
0
0
0
0
0
0
0
0
0
0
0
0
0
0
0
0
0
0
1
0
0
0
0
0
0
0
0
0
0
0
0
0
0
0
0
0
0
0
0
0
0
0
0
0
0
0
0
0
0
0
0
0
0
0
0
0
0
1
0
0
0
0
0
0
0
0
0
0
0
0
0
0
0
0
0
0
0
0
0
0
0
0
0
0
0
0
0
0
0
0
0
0
0
0
0
0
0
0
0
0
0
0
0
0
0
0
0
0
0
0
0
0
0
0
0
0
0
0
0
0
0
0
0
0
0
0
0
0
0
0
0
0
0
0
0
0
0
0
0
0
0
0
0
0
0
0
0
0
0
0
0
0
0
0
1
0
0
0
0
0
0
0
0
0
0
0
0
0
0
0
0
0
0
0
0
0
0
0
0
0
0
0
0
0
0
0
0
0
0
0
0
0
0
0
0
0
0
0
0
0
0
0
0
0
0
0
0
0
0
0
0
0
0
0
0
0
0
0
0
0
0
0
0
0
0
0
0
0
0
0
0
0
0
0
0
0
0
0
0
0
0
0
0
0
0
0
0
0
0
0
0
0
0
0
0
0
0
0
0
0
0
0
0
0
0
0
0
0
0
0
0
0
0
0
0
0
0
0
0
0
0
0
0
0
0
0
0
0
0
0
0
0
0
0
0
0
0
0
0
0
0
0
0
0
0
0
0
0
0
0
0
0
0
0
0
0
0
0
0
0
0
0
0
0
0
0
0
0
0
0
0
0
0
0
0
0
0
0
0
0
0
0
0
0
0
0
0
0
0
0
0
0
0
0
0
0
0
0
0
0
0
0
0
0
0
0
0
0
0
0
0
0
0
0
0
0
0
0
0
0
0
0
0
0
0
0
0
0
0
0
0
0
0
0
0
0
0
0
0
0
0
0
0
0
0
0
0
0
0
0
0
0
0
0
0
0
0
0
0
0
0
0
0
0
0
0
0
0
0
0
0
0
0
0
0
0
0
0
0
0
0
0
0
0
0
0
0
0
0
0
0
0
0
0
0
0
0
0
0
0
0
0
0
0
0
0
0
0
0
0
0
0
0
0
0
0
0
0
0
0
0
0
0
0
0
0
0
0
0
0
0
0
0
0
0
0
0
0
$ENDRECORD:
