$SPEC_ID:
20260703151201_210328BE437AB_spectrum_Ba133_5s_run0004
$DATE_MEA:
07/03/2026 15:12:01
$MEAS_TIM:
5.00 5.52
$SPE_REM:
Sequence Run Index: 0004
Material Type: Source
Analyzer Offset Key: -196.6080 keV
Analyzer Gain Key: 6.4000 keV/ch
$MCA_CAL:
3
-7.1664800e+00 9.9252000e-01 0.0000000e+00
$DATA:
0 2047
0
0
0
0
0
0
0
0
0
0
0
0
0
0
0
5
18
56
79
69
83
75
67
86
89
137
159
208
257
313
406
492
554
675
722
746
852
857
811
800
798
711
578
555
434
371
334
247
195
146
121
133
81
87
90
93
98
85
79
88
105
104
104
109
98
105
99
102
100
129
110
113
122
138
135
129
125
126
165
135
168
168
175
202
204
243
265
254
311
272
325
320
327
317
334
328
299
308
249
255
241
195
171
147
159
121
111
85
90
71
67
48
64
44
52
48
48
52
49
53
49
55
58
70
42
58
62
60
77
76
77
68
63
65
55
51
58
55
58
55
45
50
37
37
48
46
43
31
45
38
37
28
36
32
49
45
34
34
33
54
32
30
36
45
34
55
43
54
41
44
37
40
44
52
50
34
48
43
41
43
36
49
22
35
49
53
33
38
37
38
34
39
25
37
35
40
33
32
29
33
35
38
37
34
47
39
34
31
36
34
26
33
30
26
31
26
20
22
20
23
21
26
25
29
27
27
27
14
18
23
24
16
21
23
23
22
16
20
26
25
21
16
16
23
20
21
11
30
10
23
26
8
16
23
17
20
27
20
19
19
24
22
21
31
15
19
22
15
30
22
20
24
20
24
23
30
30
30
25
28
31
33
31
31
37
40
37
36
44
40
40
37
27
36
37
46
40
34
33
33
57
44
50
47
47
50
56
54
56
51
60
53
54
51
52
48
47
56
46
46
39
60
43
42
50
60
42
40
55
60
47
42
42
43
51
42
53
40
43
52
73
60
73
66
71
79
77
79
66
85
81
76
73
109
93
101
91
115
114
141
92
119
112
105
107
126
121
113
104
106
107
101
113
133
117
109
116
99
94
88
99
91
94
85
94
81
78
77
74
82
66
70
71
67
57
60
58
53
65
62
57
53
29
50
68
45
53
38
42
41
47
42
37
39
44
39
34
24
41
25
36
22
19
31
27
27
19
17
25
17
31
26
16
25
22
30
16
21
22
14
15
17
19
13
16
20
18
15
14
19
17
16
13
10
17
8
10
12
11
17
11
14
16
13
13
18
21
11
11
13
12
12
11
5
9
13
7
8
13
2
9
6
4
8
3
5
2
5
3
3
3
2
1
3
3
5
2
6
2
5
1
2
1
2
3
1
2
2
0
2
1
0
1
0
1
0
0
2
0
1
0
0
1
0
0
0
0
1
0
0
2
1
1
1
0
1
1
0
0
0
0
1
0
0
0
0
0
0
0
1
1
1
0
0
3
0
0
0
0
0
0
0
0
0
0
0
0
0
0
0
0
1
0
0
0
0
0
0
0
0
0
0
0
0
0
0
0
0
0
0
0
0
0
0
0
0
0
0
0
0
0
0
0
0
0
0
0
0
0
0
0
0
0
1
0
0
0
0
0
0
0
0
0
1
0
0
0
0
0
0
0
0
0
0
0
0
1
0
0
0
0
0
0
0
0
0
0
0
0
0
0
0
0
0
0
0
0
0
0
0
0
1
0
0
0
0
0
0
0
0
0
0
0
0
0
0
0
0
0
0
0
0
0
0
0
0
0
0
0
0
0
0
0
0
0
1
1
0
0
0
0
0
0
0
0
0
0
0
0
0
0
0
0
0
0
0
0
0
0
0
0
0
0
0
0
1
0
0
0
0
0
0
0
1
0
0
0
0
0
0
0
1
0
0
0
0
0
0
0
0
0
0
0
0
0
0
0
0
0
0
0
0
0
0
1
0
0
0
0
0
0
0
0
1
0
0
0
0
0
0
1
0
0
0
0
0
0
0
0
0
0
0
0
0
0
0
0
0
0
0
0
0
0
0
0
0
0
0
0
0
0
0
0
0
0
0
0
0
0
0
0
0
0
0
0
0
0
0
0
0
0
0
1
0
0
0
0
1
0
0
0
0
0
0
0
0
0
0
0
0
0
0
0
0
0
0
0
0
0
0
0
0
0
0
0
0
0
0
1
0
0
0
0
0
0
0
0
0
0
0
0
0
0
0
0
0
0
0
0
0
0
0
0
0
0
0
0
0
0
0
0
0
0
0
1
0
0
0
0
0
0
0
0
0
0
0
0
0
0
0
0
0
0
0
0
0
0
0
0
0
0
0
0
0
0
0
0
0
0
0
0
0
0
0
0
0
0
0
0
0
0
0
0
0
0
0
0
0
0
0
0
0
0
0
0
0
0
0
0
0
0
0
0
0
0
0
0
0
0
0
0
0
0
0
0
0
0
0
0
0
0
0
0
0
0
0
0
0
1
0
0
0
0
1
0
0
0
0
0
0
0
0
0
0
0
0
0
0
0
0
0
0
0
0
0
0
0
0
0
0
0
0
0
0
0
0
0
0
0
0
0
0
0
0
0
0
0
0
0
0
0
0
0
0
0
0
0
0
0
0
0
0
0
0
0
0
0
0
0
0
0
0
0
0
0
0
0
0
0
0
0
0
0
0
0
0
0
0
0
0
0
0
0
0
0
0
0
0
0
0
0
0
0
0
0
0
0
0
0
0
0
0
0
0
0
0
0
0
0
0
0
0
0
0
0
0
0
0
0
0
0
0
0
0
0
0
0
0
0
0
0
0
0
0
0
0
0
0
0
0
0
0
0
0
0
0
0
0
0
0
0
1
0
0
0
0
0
0
0
0
0
0
0
0
0
0
0
0
0
1
0
0
0
0
0
0
0
0
0
0
0
0
0
0
0
0
0
0
0
0
0
0
0
0
0
0
0
0
0
0
0
0
0
0
0
0
0
0
0
0
0
0
0
0
0
0
0
0
0
0
0
0
0
0
0
0
0
0
0
0
0
0
0
1
0
0
0
0
0
0
0
0
0
0
0
0
0
0
0
0
0
0
0
0
0
0
0
0
0
0
0
0
0
0
0
0
0
0
0
0
0
0
0
0
0
0
0
0
0
0
0
0
0
0
0
0
0
0
0
0
0
0
0
0
0
0
0
0
0
0
0
0
0
0
0
0
0
0
0
0
0
0
0
0
0
0
0
0
0
0
0
0
0
0
0
0
0
0
0
0
0
0
0
0
0
0
0
0
0
0
0
0
0
0
0
0
0
0
0
0
0
0
0
0
0
0
0
0
0
0
0
0
0
0
0
0
0
0
0
0
0
0
0
0
0
0
0
0
0
0
0
0
0
0
0
0
0
0
0
0
0
0
1
0
0
1
0
0
0
0
0
0
0
0
0
0
0
0
0
0
0
0
0
0
0
0
0
0
0
0
0
0
0
0
0
0
0
0
0
0
0
0
0
0
0
0
0
0
0
0
0
0
0
0
0
0
1
0
0
0
0
0
0
0
0
0
0
0
0
0
0
0
0
0
0
0
0
0
0
0
0
0
0
0
0
0
0
0
0
0
0
0
0
0
0
0
0
0
0
0
0
0
0
0
0
0
0
0
0
0
0
0
0
0
0
0
0
0
0
0
0
0
0
0
0
0
0
0
0
0
0
0
0
0
0
0
0
0
0
0
0
0
0
0
0
0
0
0
0
0
0
0
0
0
0
0
0
0
0
0
0
0
0
0
0
0
0
0
0
0
0
0
0
0
0
0
0
0
0
0
0
0
0
0
0
0
0
0
0
0
0
0
0
0
0
0
0
0
0
0
0
0
0
0
0
0
0
0
0
0
0
0
0
0
0
0
0
0
0
0
0
0
0
0
0
0
0
0
0
0
0
0
0
0
0
0
0
0
0
0
0
0
0
0
0
0
0
0
0
0
0
0
0
0
0
0
0
0
0
0
0
0
0
0
0
0
0
0
0
0
0
0
0
0
0
0
0
0
0
0
0
0
0
0
0
0
0
0
1
0
0
0
0
0
0
0
0
0
0
0
0
0
0
0
0
0
0
0
0
0
0
0
0
0
0
0
0
0
0
0
0
0
0
0
0
0
0
0
0
0
0
0
0
0
0
0
0
0
0
0
0
0
0
0
0
0
0
0
0
0
0
0
0
0
0
0
0
0
0
0
0
0
0
0
0
0
0
0
0
0
0
0
0
0
0
0
0
0
0
0
0
0
0
0
0
0
0
0
0
0
0
0
0
0
0
0
0
0
0
0
0
0
0
0
0
0
0
0
0
0
0
0
0
0
0
0
0
0
0
0
0
0
0
0
0
0
0
0
0
0
0
0
0
0
0
0
0
0
0
0
0
0
0
0
0
0
0
0
0
0
0
0
0
0
0
0
0
0
0
0
0
0
0
0
0
0
0
0
0
0
0
0
0
0
0
0
0
0
0
0
0
0
0
0
0
0
0
0
0
0
0
0
0
0
0
0
0
0
0
0
0
0
0
0
0
0
0
0
0
0
0
0
0
0
0
0
0
0
0
0
0
0
0
0
0
0
0
0
0
0
0
0
0
0
0
0
0
0
0
0
0
0
0
0
0
0
0
0
0
0
0
0
0
0
0
0
0
0
0
0
0
0
0
0
0
0
0
0
0
0
0
0
0
0
0
0
0
0
0
0
0
0
0
0
0
0
0
0
0
0
0
0
0
0
0
0
0
0
0
0
0
0
0
0
0
0
0
0
0
0
0
0
0
0
0
0
0
0
0
0
0
0
0
0
0
0
0
0
0
0
0
0
0
0
0
0
0
0
0
0
0
0
0
0
0
0
0
0
$ENDRECORD:
