$SPEC_ID:
20260703144559_210328BE437AB_spectrum_Co60_30s_run0000
$DATE_MEA:
07/03/2026 14:45:59
$MEAS_TIM:
30.00 31.35
$SPE_REM:
Sequence Run Index: 0000
Material Type: Source
Analyzer Offset Key: -196.6080 keV
Analyzer Gain Key: 6.4000 keV/ch
$MCA_CAL:
3
-7.1664800e+00 9.9252000e-01 0.0000000e+00
$DATA:
0 2047
0
0
0
0
0
0
0
0
0
0
0
0
0
0
0
9
63
198
285
263
222
152
99
65
44
44
43
38
41
27
40
37
57
29
34
42
37
43
43
36
40
48
34
44
39
32
37
37
31
37
43
39
38
32
40
39
33
42
47
37
29
29
39
44
35
42
46
48
43
50
49
38
39
40
36
39
57
45
45
52
46
42
43
34
45
47
31
39
51
32
41
43
61
43
49
40
34
37
38
59
37
40
39
36
38
44
52
40
52
43
50
45
29
53
43
52
42
44
49
42
41
50
53
45
43
34
38
43
44
46
46
37
41
52
34
43
36
46
38
39
40
63
41
47
40
55
42
39
50
46
52
44
53
45
42
36
33
38
47
45
45
55
57
41
50
45
43
41
44
27
32
48
40
44
55
33
39
36
34
40
31
39
49
46
41
50
44
35
43
41
42
45
44
41
35
31
48
40
41
56
50
44
40
47
38
46
45
40
43
37
41
63
47
68
62
41
48
52
62
57
57
71
49
54
66
53
51
68
75
72
56
53
64
62
63
55
48
62
66
72
50
50
60
55
50
56
60
51
68
57
66
73
44
50
51
63
50
52
54
63
57
43
56
51
53
51
53
67
48
58
29
51
66
65
43
44
36
50
45
57
38
44
53
45
36
40
44
43
49
45
29
44
41
35
42
41
48
52
43
45
44
39
43
44
46
49
38
27
40
36
44
29
44
39
44
43
37
33
36
44
44
35
40
47
37
38
39
41
55
34
39
42
48
45
44
35
28
38
41
25
30
31
31
35
24
45
39
37
28
32
41
43
43
25
41
37
37
33
27
37
47
37
38
40
32
31
28
32
24
43
33
40
37
44
30
40
35
32
36
37
28
30
33
30
39
35
35
36
31
35
26
43
30
27
30
22
35
31
25
37
42
39
33
39
38
42
31
39
34
31
24
34
30
31
29
36
40
46
38
33
28
31
32
31
42
27
35
34
30
39
29
40
28
38
27
34
29
30
26
34
28
28
24
21
28
36
40
21
31
22
33
37
30
25
38
32
45
26
36
27
32
24
41
24
38
32
25
28
22
30
34
40
31
25
24
31
22
37
34
28
31
31
40
41
22
42
29
36
32
39
30
37
40
26
22
35
28
26
35
24
36
25
32
33
31
22
23
37
38
27
26
31
27
27
20
33
40
30
28
22
22
33
39
29
25
34
33
31
25
28
29
32
31
33
20
24
38
30
38
19
29
24
25
35
35
33
38
34
24
25
33
24
31
34
25
26
23
27
31
32
34
27
32
24
35
19
35
34
30
28
24
25
29
32
29
32
26
30
28
40
28
35
24
23
24
36
31
30
37
29
24
33
30
36
32
38
27
31
35
26
26
30
35
34
29
31
31
30
38
36
29
27
32
28
37
32
26
23
29
31
28
27
34
33
35
32
39
32
30
30
27
19
31
30
26
23
25
29
26
36
27
25
34
30
27
30
33
24
38
29
32
28
37
28
37
35
33
23
27
34
37
35
37
45
41
18
29
30
28
31
25
34
27
39
34
18
23
25
35
23
20
39
31
27
25
49
36
23
38
36
31
34
34
30
27
35
29
40
30
35
35
32
28
45
29
39
29
39
35
41
27
44
40
40
32
28
28
28
36
26
27
36
34
33
35
38
34
32
34
38
35
35
27
40
31
38
37
37
31
30
36
29
30
18
36
41
35
26
29
41
40
21
50
41
29
41
33
24
46
42
39
29
35
38
32
33
26
39
34
32
38
27
44
33
34
34
33
34
37
27
33
27
33
23
33
39
35
25
31
32
32
25
44
35
31
39
40
41
36
34
31
38
47
17
48
33
33
36
27
34
41
34
37
38
33
37
35
33
30
24
23
47
37
31
27
26
37
44
43
46
22
31
43
34
32
29
39
32
31
36
40
30
41
33
37
28
36
35
35
29
34
25
35
39
38
39
31
32
33
35
30
36
50
38
48
37
46
42
35
38
41
30
34
18
31
31
37
32
39
37
43
33
40
47
30
36
39
39
41
46
34
47
31
30
37
48
30
30
44
25
41
32
26
39
32
28
41
41
34
36
32
26
28
39
31
36
37
35
36
45
40
30
36
33
33
47
30
29
43
32
48
35
42
45
24
30
35
37
33
37
21
30
26
25
32
36
31
40
25
36
28
34
43
31
26
33
15
25
25
37
28
29
32
24
19
35
27
35
32
28
26
31
30
24
26
28
25
23
19
24
31
20
26
27
26
24
26
29
23
24
27
24
34
17
22
24
19
28
24
26
21
24
35
26
20
18
34
26
26
32
24
19
22
26
26
26
27
30
21
21
22
31
25
29
29
22
18
20
24
26
27
23
18
16
27
36
16
33
21
31
20
16
27
33
18
25
34
29
26
26
19
31
20
31
28
31
28
23
35
27
25
15
31
22
20
20
29
32
19
20
21
19
34
21
21
15
21
25
32
33
27
23
18
17
35
34
23
37
24
15
46
29
23
30
14
24
25
20
24
28
42
20
31
34
29
43
40
30
32
39
36
33
42
40
45
48
43
43
36
41
42
52
47
38
64
35
48
48
40
66
50
51
58
51
56
64
67
47
54
44
51
61
63
65
54
57
49
44
49
53
57
72
41
55
56
56
54
42
50
70
51
69
48
42
59
57
40
47
44
45
58
42
41
28
41
42
49
39
43
47
51
36
18
42
47
33
35
28
30
29
40
27
26
27
29
33
23
26
25
23
19
23
16
21
21
14
16
22
20
11
19
9
15
23
13
12
12
16
20
6
8
9
17
16
7
19
12
17
10
14
11
13
13
22
15
12
16
10
21
17
12
14
15
17
23
17
11
15
12
28
24
19
19
29
16
14
20
20
25
27
21
23
33
18
21
18
25
26
22
34
33
34
35
28
34
41
36
30
41
39
37
49
42
40
40
41
33
27
36
36
32
35
48
29
32
43
37
50
36
34
43
45
42
34
47
34
52
39
34
42
55
47
37
48
36
27
45
39
30
42
36
45
40
28
33
35
38
28
29
29
22
27
28
24
29
28
29
29
22
28
26
25
22
21
14
20
19
19
13
17
11
8
15
16
18
16
15
17
13
9
15
11
9
10
16
5
7
13
5
6
11
10
7
10
8
6
4
12
7
7
5
4
4
4
6
6
2
3
4
5
2
3
2
7
4
3
3
4
2
1
3
2
6
1
5
5
0
4
3
3
3
3
2
1
3
4
2
3
1
1
3
2
1
1
6
1
3
3
7
2
1
1
2
2
1
1
1
0
1
1
5
2
1
3
2
1
3
2
0
2
2
1
2
1
4
0
1
1
3
1
2
2
2
0
0
3
2
1
2
2
2
2
2
0
0
3
5
2
0
1
2
0
2
1
1
1
2
3
4
4
1
2
2
1
1
4
2
3
2
4
2
0
1
2
0
3
0
2
1
1
1
1
1
1
3
3
2
3
3
2
2
4
1
2
2
2
2
4
3
0
3
2
0
2
1
3
2
0
4
0
2
2
1
2
4
1
0
1
2
3
0
1
2
1
2
1
4
2
2
0
1
3
2
1
1
5
2
1
1
1
2
3
4
2
1
0
2
2
1
3
1
4
2
1
0
3
2
1
2
2
1
1
1
0
1
0
1
1
1
3
1
0
0
1
3
1
1
1
2
2
2
0
0
1
0
0
2
4
4
0
2
1
0
3
3
2
3
0
4
1
1
1
1
1
0
0
4
0
1
0
2
0
1
0
1
1
0
1
0
3
3
2
3
1
5
1
0
1
3
0
1
1
0
0
3
2
1
3
1
2
2
3
1
0
0
2
1
1
1
4
0
2
0
3
4
1
4
0
3
0
0
2
0
1
1
0
3
0
0
3
1
0
1
2
1
1
2
1
3
0
1
1
1
0
1
1
3
0
1
1
1
1
2
3
2
1
2
1
1
1
0
2
1
0
0
2
1
1
1
1
0
0
1
1
0
0
1
0
0
2
0
0
1
0
1
0
0
0
0
0
1
0
0
0
0
0
0
0
0
0
0
0
0
0
0
0
0
0
1
0
0
0
0
0
0
0
0
0
0
0
0
0
0
0
0
0
0
0
0
0
0
0
0
0
0
0
0
0
0
0
0
0
0
0
0
0
0
0
0
0
0
0
0
0
0
0
0
0
0
0
0
0
0
0
0
0
0
0
0
0
0
0
0
0
0
0
0
0
0
0
0
0
0
0
0
0
0
0
0
0
0
0
0
0
0
0
0
0
0
0
0
0
0
0
0
0
0
0
0
0
0
0
0
0
0
0
0
0
0
0
0
0
0
0
0
0
0
0
0
0
0
0
0
0
0
0
0
0
0
0
0
0
0
0
0
0
0
0
0
0
0
0
0
0
0
0
0
1
0
0
0
0
0
0
0
0
0
0
0
0
0
0
0
0
0
0
1
0
0
0
0
0
0
0
0
0
0
0
0
0
0
0
0
0
0
0
0
0
0
0
0
0
0
0
0
0
0
0
0
0
0
0
0
0
0
0
0
0
0
0
0
0
0
0
0
0
0
0
0
0
0
0
0
0
0
0
0
0
0
0
0
0
0
0
0
0
1
0
0
0
0
0
0
0
0
0
0
0
0
0
0
0
0
1
0
0
0
0
0
0
0
0
0
0
0
0
0
0
$ENDRECORD:
